frequency,raw,smoothed,error,error_smoothed,equalization,parametric_eq,fixed_band_eq,equalized_raw,equalized_smoothed,target
20.00,5.99,5.99,0.85,0.85,-0.84,-1.41,-0.81,5.15,5.15,5.14
20.20,6.05,6.05,0.91,0.91,-0.91,-1.41,-0.83,5.14,5.14,5.14
20.40,6.11,6.10,0.97,0.96,-0.97,-1.42,-0.85,5.14,5.13,5.14
20.61,6.16,6.16,1.02,1.02,-1.03,-1.42,-0.88,5.13,5.13,5.14
20.81,6.22,6.22,1.08,1.08,-1.09,-1.42,-0.91,5.13,5.14,5.14
21.02,6.28,6.28,1.14,1.14,-1.14,-1.43,-0.93,5.14,5.14,5.14
21.23,6.34,6.33,1.20,1.19,-1.18,-1.43,-0.96,5.16,5.15,5.14
21.44,6.37,6.37,1.23,1.24,-1.23,-1.43,-0.99,5.14,5.15,5.14
21.66,6.41,6.41,1.27,1.27,-1.27,-1.44,-1.02,5.14,5.14,5.14
21.87,6.44,6.44,1.30,1.30,-1.30,-1.44,-1.05,5.14,5.14,5.14
22.09,6.46,6.46,1.32,1.33,-1.33,-1.45,-1.08,5.13,5.13,5.13
22.31,6.48,6.48,1.35,1.35,-1.36,-1.45,-1.11,5.12,5.13,5.13
22.54,6.51,6.51,1.38,1.37,-1.38,-1.45,-1.14,5.13,5.13,5.13
22.76,6.53,6.53,1.40,1.40,-1.40,-1.46,-1.18,5.12,5.13,5.13
22.99,6.56,6.56,1.43,1.43,-1.43,-1.46,-1.21,5.13,5.13,5.13
23.22,6.58,6.58,1.45,1.45,-1.45,-1.47,-1.25,5.13,5.13,5.13
23.45,6.60,6.60,1.47,1.47,-1.47,-1.47,-1.28,5.13,5.13,5.13
23.69,6.62,6.62,1.49,1.49,-1.48,-1.48,-1.32,5.13,5.13,5.13
23.92,6.63,6.63,1.50,1.50,-1.50,-1.49,-1.36,5.13,5.13,5.13
24.16,6.64,6.64,1.51,1.51,-1.51,-1.49,-1.40,5.13,5.13,5.13
24.40,6.64,6.64,1.51,1.52,-1.52,-1.50,-1.43,5.12,5.12,5.12
24.65,6.65,6.65,1.53,1.52,-1.53,-1.50,-1.47,5.12,5.12,5.12
24.89,6.65,6.65,1.53,1.53,-1.53,-1.51,-1.51,5.12,5.12,5.12
25.14,6.66,6.66,1.54,1.54,-1.54,-1.52,-1.55,5.12,5.12,5.12
25.39,6.66,6.66,1.54,1.54,-1.54,-1.52,-1.59,5.12,5.12,5.12
25.65,6.67,6.67,1.55,1.55,-1.55,-1.53,-1.63,5.12,5.12,5.12
25.91,6.67,6.67,1.55,1.56,-1.56,-1.54,-1.67,5.11,5.12,5.12
26.16,6.68,6.68,1.56,1.56,-1.57,-1.55,-1.71,5.11,5.11,5.11
26.43,6.69,6.69,1.58,1.58,-1.58,-1.55,-1.75,5.11,5.11,5.11
26.69,6.70,6.70,1.59,1.59,-1.59,-1.56,-1.79,5.11,5.11,5.11
26.96,6.72,6.71,1.61,1.61,-1.61,-1.57,-1.83,5.11,5.10,5.11
27.23,6.73,6.74,1.62,1.63,-1.63,-1.58,-1.86,5.10,5.10,5.11
27.50,6.76,6.76,1.65,1.65,-1.66,-1.59,-1.90,5.10,5.10,5.11
27.77,6.79,6.79,1.69,1.68,-1.68,-1.60,-1.93,5.11,5.10,5.10
28.05,6.81,6.81,1.71,1.71,-1.70,-1.61,-1.97,5.11,5.11,5.10
28.33,6.83,6.83,1.73,1.73,-1.72,-1.62,-2.00,5.10,5.10,5.10
28.62,6.84,6.84,1.74,1.75,-1.74,-1.63,-2.03,5.10,5.10,5.10
28.90,6.86,6.85,1.76,1.76,-1.75,-1.64,-2.05,5.11,5.10,5.10
29.19,6.86,6.86,1.77,1.77,-1.76,-1.65,-2.08,5.10,5.10,5.09
29.48,6.86,6.86,1.77,1.77,-1.76,-1.66,-2.10,5.10,5.10,5.09
29.78,6.85,6.85,1.76,1.76,-1.76,-1.68,-2.12,5.09,5.09,5.09
30.08,6.84,6.84,1.75,1.75,-1.76,-1.69,-2.14,5.08,5.08,5.09
30.38,6.83,6.83,1.75,1.75,-1.75,-1.70,-2.15,5.08,5.08,5.08
30.68,6.82,6.82,1.74,1.74,-1.75,-1.71,-2.16,5.07,5.07,5.08
30.99,6.81,6.81,1.73,1.74,-1.74,-1.72,-2.17,5.07,5.07,5.08
31.30,6.81,6.81,1.74,1.73,-1.74,-1.73,-2.17,5.07,5.07,5.07
31.61,6.81,6.81,1.74,1.74,-1.74,-1.74,-2.18,5.07,5.07,5.07
31.93,6.81,6.81,1.74,1.74,-1.74,-1.75,-2.17,5.07,5.07,5.07
32.24,6.81,6.80,1.74,1.74,-1.74,-1.76,-2.17,5.07,5.07,5.06
32.57,6.80,6.80,1.74,1.74,-1.74,-1.77,-2.16,5.05,5.06,5.06
32.89,6.80,6.80,1.74,1.75,-1.75,-1.78,-2.15,5.05,5.05,5.06
33.22,6.81,6.80,1.76,1.75,-1.76,-1.78,-2.14,5.05,5.05,5.05
33.55,6.81,6.81,1.76,1.76,-1.76,-1.79,-2.12,5.05,5.05,5.05
33.89,6.81,6.81,1.76,1.77,-1.77,-1.79,-2.10,5.04,5.05,5.05
34.23,6.82,6.82,1.78,1.78,-1.77,-1.80,-2.08,5.05,5.05,5.04
34.57,6.82,6.82,1.78,1.78,-1.77,-1.80,-2.06,5.05,5.04,5.04
34.92,6.81,6.81,1.78,1.78,-1.77,-1.80,-2.03,5.04,5.04,5.03
35.27,6.79,6.79,1.76,1.77,-1.76,-1.80,-2.01,5.03,5.03,5.03
35.62,6.78,6.78,1.76,1.75,-1.75,-1.80,-1.98,5.03,5.02,5.02
35.97,6.76,6.76,1.74,1.74,-1.74,-1.80,-1.95,5.02,5.02,5.02
36.33,6.73,6.74,1.72,1.72,-1.73,-1.79,-1.92,5.00,5.01,5.01
36.70,6.72,6.71,1.71,1.71,-1.72,-1.79,-1.89,5.00,5.00,5.01
37.06,6.70,6.70,1.70,1.70,-1.71,-1.78,-1.86,4.99,4.99,5.00
37.43,6.69,6.69,1.69,1.70,-1.70,-1.77,-1.83,4.99,4.99,5.00
37.81,6.69,6.69,1.70,1.70,-1.70,-1.77,-1.79,4.99,4.99,4.99
38.19,6.68,6.68,1.70,1.70,-1.69,-1.76,-1.76,4.98,4.99,4.98
38.57,6.68,6.68,1.70,1.70,-1.69,-1.75,-1.73,4.98,4.98,4.98
38.95,6.67,6.67,1.70,1.70,-1.70,-1.74,-1.70,4.97,4.97,4.97
39.34,6.66,6.66,1.70,1.70,-1.70,-1.73,-1.67,4.96,4.96,4.96
39.74,6.65,6.65,1.69,1.69,-1.70,-1.72,-1.64,4.95,4.95,4.95
40.14,6.64,6.64,1.69,1.70,-1.70,-1.71,-1.61,4.94,4.94,4.95
40.54,6.64,6.64,1.70,1.70,-1.70,-1.69,-1.58,4.94,4.94,4.94
40.94,6.64,6.64,1.71,1.70,-1.70,-1.68,-1.55,4.94,4.93,4.93
41.35,6.63,6.63,1.71,1.70,-1.70,-1.67,-1.52,4.93,4.93,4.92
41.76,6.61,6.61,1.69,1.70,-1.69,-1.66,-1.49,4.92,4.92,4.91
42.18,6.59,6.59,1.68,1.69,-1.68,-1.65,-1.47,4.91,4.91,4.91
42.60,6.57,6.57,1.67,1.67,-1.67,-1.64,-1.44,4.90,4.90,4.90
43.03,6.54,6.54,1.65,1.65,-1.65,-1.62,-1.41,4.89,4.89,4.89
43.46,6.50,6.50,1.62,1.63,-1.63,-1.61,-1.39,4.87,4.88,4.88
43.90,6.47,6.47,1.60,1.60,-1.61,-1.60,-1.37,4.86,4.86,4.87
44.33,6.44,6.44,1.58,1.58,-1.59,-1.59,-1.35,4.85,4.85,4.85
44.78,6.41,6.41,1.57,1.57,-1.57,-1.58,-1.33,4.84,4.84,4.84
45.23,6.38,6.38,1.55,1.55,-1.56,-1.57,-1.31,4.82,4.83,4.83
45.68,6.36,6.36,1.54,1.54,-1.54,-1.55,-1.29,4.82,4.82,4.82
46.13,6.34,6.34,1.53,1.53,-1.53,-1.54,-1.27,4.81,4.81,4.81
46.60,6.32,6.32,1.52,1.52,-1.52,-1.53,-1.25,4.80,4.80,4.79
47.06,6.30,6.30,1.52,1.51,-1.51,-1.52,-1.24,4.79,4.78,4.78
47.53,6.27,6.27,1.50,1.51,-1.50,-1.51,-1.22,4.76,4.77,4.77
48.01,6.25,6.25,1.50,1.50,-1.50,-1.50,-1.21,4.75,4.76,4.75
48.49,6.23,6.23,1.49,1.49,-1.49,-1.49,-1.20,4.74,4.74,4.74
48.97,6.20,6.20,1.48,1.48,-1.48,-1.48,-1.19,4.72,4.72,4.72
49.46,6.17,6.17,1.46,1.46,-1.46,-1.46,-1.18,4.70,4.71,4.71
49.96,6.14,6.14,1.45,1.45,-1.45,-1.45,-1.17,4.69,4.69,4.69
50.46,6.12,6.12,1.45,1.44,-1.44,-1.44,-1.16,4.68,4.67,4.67
50.96,6.09,6.09,1.43,1.43,-1.43,-1.43,-1.15,4.66,4.66,4.66
51.47,6.06,6.06,1.42,1.42,-1.42,-1.42,-1.14,4.64,4.64,4.64
51.99,6.03,6.03,1.41,1.41,-1.41,-1.41,-1.14,4.62,4.62,4.62
52.51,6.00,6.00,1.40,1.40,-1.40,-1.39,-1.13,4.60,4.60,4.60
53.03,5.97,5.97,1.39,1.39,-1.39,-1.38,-1.13,4.58,4.58,4.58
53.56,5.94,5.94,1.38,1.38,-1.37,-1.37,-1.12,4.57,4.56,4.56
54.10,5.90,5.90,1.36,1.36,-1.36,-1.36,-1.12,4.54,4.54,4.54
54.64,5.86,5.86,1.34,1.34,-1.34,-1.34,-1.11,4.52,4.52,4.52
55.18,5.82,5.82,1.33,1.32,-1.33,-1.33,-1.11,4.49,4.49,4.49
55.74,5.78,5.78,1.31,1.31,-1.31,-1.32,-1.11,4.47,4.47,4.47
56.29,5.74,5.74,1.29,1.30,-1.30,-1.31,-1.11,4.44,4.44,4.45
56.86,5.71,5.71,1.29,1.29,-1.29,-1.30,-1.11,4.42,4.42,4.42
57.42,5.68,5.68,1.28,1.28,-1.29,-1.28,-1.11,4.39,4.39,4.40
58.00,5.65,5.65,1.28,1.28,-1.28,-1.27,-1.11,4.37,4.37,4.37
58.58,5.62,5.62,1.28,1.28,-1.28,-1.26,-1.11,4.34,4.34,4.34
59.16,5.60,5.60,1.28,1.28,-1.28,-1.25,-1.11,4.32,4.32,4.31
59.76,5.57,5.57,1.28,1.28,-1.28,-1.24,-1.11,4.29,4.29,4.29
60.35,5.54,5.54,1.28,1.28,-1.28,-1.24,-1.11,4.26,4.26,4.26
60.96,5.50,5.50,1.27,1.27,-1.27,-1.23,-1.11,4.23,4.23,4.22
61.57,5.46,5.46,1.27,1.27,-1.27,-1.22,-1.11,4.19,4.19,4.19
62.18,5.42,5.42,1.26,1.26,-1.26,-1.22,-1.11,4.16,4.16,4.16
62.80,5.38,5.38,1.25,1.25,-1.25,-1.21,-1.11,4.13,4.13,4.13
63.43,5.34,5.34,1.25,1.25,-1.25,-1.21,-1.12,4.09,4.09,4.09
64.07,5.30,5.30,1.24,1.24,-1.24,-1.21,-1.12,4.06,4.06,4.06
64.71,5.26,5.26,1.24,1.24,-1.24,-1.21,-1.12,4.02,4.02,4.02
65.35,5.22,5.22,1.23,1.23,-1.24,-1.21,-1.12,3.98,3.98,3.99
66.01,5.18,5.18,1.23,1.24,-1.24,-1.22,-1.13,3.94,3.94,3.95
66.67,5.15,5.15,1.24,1.24,-1.24,-1.22,-1.13,3.91,3.90,3.91
67.33,5.12,5.12,1.25,1.25,-1.25,-1.23,-1.14,3.87,3.87,3.87
68.01,5.08,5.08,1.25,1.26,-1.25,-1.24,-1.14,3.83,3.83,3.83
68.69,5.05,5.05,1.26,1.26,-1.26,-1.25,-1.14,3.79,3.79,3.79
69.37,5.01,5.01,1.27,1.26,-1.26,-1.26,-1.15,3.75,3.75,3.74
70.07,4.96,4.96,1.26,1.27,-1.26,-1.27,-1.16,3.70,3.70,3.70
70.77,4.92,4.92,1.27,1.26,-1.26,-1.28,-1.16,3.66,3.65,3.65
71.48,4.87,4.87,1.26,1.26,-1.26,-1.30,-1.17,3.61,3.61,3.61
72.19,4.82,4.82,1.26,1.26,-1.26,-1.31,-1.17,3.55,3.56,3.56
72.91,4.78,4.78,1.27,1.26,-1.27,-1.32,-1.18,3.51,3.51,3.51
73.64,4.73,4.73,1.27,1.27,-1.27,-1.34,-1.19,3.46,3.46,3.46
74.38,4.69,4.69,1.28,1.27,-1.28,-1.35,-1.20,3.41,3.41,3.41
75.12,4.64,4.64,1.28,1.28,-1.28,-1.37,-1.21,3.36,3.36,3.36
75.87,4.60,4.60,1.29,1.29,-1.29,-1.39,-1.22,3.31,3.31,3.31
76.63,4.56,4.56,1.30,1.30,-1.30,-1.40,-1.23,3.25,3.25,3.25
77.40,4.52,4.52,1.32,1.32,-1.32,-1.42,-1.25,3.20,3.20,3.20
78.17,4.48,4.48,1.33,1.33,-1.33,-1.43,-1.26,3.15,3.15,3.15
78.95,4.43,4.43,1.34,1.34,-1.34,-1.45,-1.27,3.09,3.09,3.09
79.74,4.39,4.39,1.36,1.36,-1.36,-1.46,-1.29,3.03,3.03,3.03
80.54,4.35,4.34,1.38,1.37,-1.37,-1.48,-1.31,2.98,2.97,2.97
81.35,4.30,4.30,1.39,1.39,-1.38,-1.49,-1.32,2.91,2.92,2.91
82.16,4.25,4.25,1.40,1.40,-1.40,-1.51,-1.34,2.85,2.85,2.85
82.98,4.21,4.21,1.42,1.41,-1.42,-1.52,-1.36,2.79,2.79,2.79
83.81,4.16,4.16,1.43,1.43,-1.43,-1.53,-1.38,2.73,2.73,2.73
84.65,4.12,4.12,1.45,1.45,-1.45,-1.55,-1.40,2.67,2.67,2.67
85.50,4.08,4.08,1.47,1.47,-1.47,-1.56,-1.43,2.61,2.60,2.60
86.35,4.03,4.03,1.49,1.49,-1.49,-1.57,-1.45,2.54,2.54,2.54
87.22,3.99,3.99,1.51,1.51,-1.51,-1.59,-1.47,2.48,2.48,2.48
88.09,3.94,3.94,1.53,1.53,-1.53,-1.60,-1.50,2.41,2.41,2.41
88.97,3.89,3.89,1.55,1.55,-1.55,-1.61,-1.53,2.34,2.34,2.34
89.86,3.84,3.84,1.56,1.57,-1.56,-1.62,-1.56,2.28,2.28,2.28
90.76,3.79,3.79,1.58,1.58,-1.58,-1.64,-1.59,2.21,2.21,2.21
91.66,3.74,3.74,1.60,1.60,-1.60,-1.65,-1.62,2.14,2.14,2.14
92.58,3.68,3.68,1.61,1.61,-1.61,-1.66,-1.65,2.07,2.07,2.07
93.51,3.63,3.63,1.63,1.63,-1.63,-1.67,-1.68,2.00,2.00,2.00
94.44,3.58,3.58,1.65,1.65,-1.65,-1.68,-1.72,1.93,1.93,1.93
95.39,3.53,3.53,1.67,1.67,-1.67,-1.70,-1.75,1.86,1.86,1.86
96.34,3.48,3.48,1.69,1.69,-1.69,-1.71,-1.79,1.79,1.79,1.79
97.30,3.43,3.43,1.71,1.72,-1.72,-1.72,-1.82,1.71,1.71,1.72
98.28,3.39,3.39,1.75,1.74,-1.74,-1.73,-1.86,1.65,1.64,1.64
99.26,3.34,3.34,1.77,1.77,-1.77,-1.74,-1.90,1.57,1.57,1.57
100.25,3.30,3.30,1.80,1.80,-1.80,-1.76,-1.94,1.50,1.50,1.50
101.25,3.26,3.26,1.83,1.83,-1.83,-1.77,-1.98,1.43,1.42,1.43
102.27,3.22,3.22,1.87,1.87,-1.86,-1.78,-2.02,1.35,1.35,1.35
103.29,3.18,3.18,1.90,1.90,-1.90,-1.79,-2.05,1.28,1.28,1.28
104.32,3.14,3.14,1.93,1.93,-1.93,-1.80,-2.09,1.21,1.21,1.21
105.37,3.10,3.10,1.96,1.96,-1.96,-1.82,-2.13,1.14,1.14,1.13
106.42,3.05,3.05,1.99,1.99,-1.99,-1.83,-2.17,1.06,1.06,1.06
107.48,3.01,3.01,2.02,2.02,-2.02,-1.84,-2.21,0.99,0.99,0.99
108.56,2.96,2.96,2.04,2.05,-2.05,-1.85,-2.25,0.91,0.92,0.92
109.64,2.92,2.92,2.08,2.07,-2.07,-1.87,-2.29,0.85,0.84,0.84
110.74,2.87,2.87,2.10,2.10,-2.10,-1.88,-2.32,0.77,0.77,0.77
111.85,2.82,2.82,2.12,2.12,-2.12,-1.89,-2.36,0.70,0.70,0.70
112.97,2.77,2.77,2.14,2.15,-2.15,-1.91,-2.39,0.62,0.62,0.63
114.10,2.73,2.73,2.17,2.17,-2.17,-1.92,-2.42,0.56,0.55,0.55
115.24,2.68,2.68,2.20,2.20,-2.19,-1.93,-2.45,0.49,0.49,0.48
116.39,2.63,2.63,2.22,2.22,-2.22,-1.95,-2.48,0.41,0.41,0.41
117.55,2.58,2.58,2.24,2.24,-2.24,-1.96,-2.51,0.34,0.34,0.34
118.73,2.53,2.53,2.26,2.26,-2.26,-1.98,-2.53,0.27,0.27,0.27
119.92,2.48,2.48,2.28,2.28,-2.28,-1.99,-2.55,0.20,0.20,0.20
121.12,2.43,2.43,2.30,2.30,-2.30,-2.00,-2.57,0.13,0.13,0.13
122.33,2.38,2.38,2.31,2.32,-2.32,-2.02,-2.58,0.06,0.06,0.07
123.55,2.34,2.34,2.34,2.34,-2.34,-2.03,-2.59,0.00,-0.00,-0.00
124.79,2.29,2.29,2.36,2.36,-2.36,-2.05,-2.60,-0.07,-0.07,-0.07
126.03,2.24,2.24,2.37,2.38,-2.38,-2.06,-2.60,-0.14,-0.13,-0.14
127.29,2.19,2.19,2.39,2.39,-2.39,-2.08,-2.61,-0.20,-0.20,-0.20
128.57,2.15,2.15,2.41,2.41,-2.41,-2.10,-2.61,-0.26,-0.26,-0.27
129.85,2.10,2.10,2.43,2.43,-2.43,-2.11,-2.60,-0.33,-0.33,-0.33
131.15,2.05,2.05,2.44,2.44,-2.44,-2.13,-2.60,-0.39,-0.39,-0.39
132.46,2.00,2.00,2.45,2.45,-2.46,-2.14,-2.58,-0.46,-0.46,-0.45
133.79,1.95,1.95,2.46,2.47,-2.47,-2.16,-2.57,-0.52,-0.52,-0.52
135.12,1.91,1.91,2.48,2.48,-2.48,-2.18,-2.56,-0.57,-0.57,-0.58
136.48,1.86,1.86,2.49,2.49,-2.49,-2.19,-2.54,-0.63,-0.63,-0.64
137.84,1.81,1.81,2.50,2.50,-2.50,-2.21,-2.52,-0.69,-0.69,-0.69
139.22,1.76,1.76,2.51,2.51,-2.51,-2.22,-2.51,-0.75,-0.75,-0.75
140.61,1.71,1.71,2.52,2.52,-2.52,-2.24,-2.48,-0.81,-0.81,-0.81
142.02,1.67,1.66,2.53,2.53,-2.53,-2.26,-2.46,-0.86,-0.86,-0.86
143.44,1.62,1.62,2.54,2.54,-2.54,-2.27,-2.44,-0.92,-0.92,-0.92
144.87,1.57,1.57,2.54,2.54,-2.54,-2.29,-2.41,-0.98,-0.97,-0.97
146.32,1.53,1.53,2.55,2.55,-2.55,-2.30,-2.39,-1.02,-1.03,-1.02
147.78,1.48,1.48,2.56,2.56,-2.56,-2.32,-2.36,-1.08,-1.08,-1.08
149.26,1.44,1.44,2.57,2.56,-2.56,-2.33,-2.34,-1.12,-1.13,-1.13
150.75,1.39,1.39,2.57,2.57,-2.57,-2.35,-2.31,-1.18,-1.17,-1.18
152.26,1.35,1.35,2.57,2.57,-2.57,-2.36,-2.29,-1.22,-1.22,-1.22
153.78,1.30,1.30,2.57,2.57,-2.57,-2.38,-2.27,-1.27,-1.27,-1.27
155.32,1.25,1.25,2.57,2.57,-2.57,-2.39,-2.24,-1.32,-1.32,-1.32
156.88,1.21,1.20,2.57,2.57,-2.57,-2.40,-2.22,-1.36,-1.37,-1.36
158.44,1.16,1.16,2.57,2.57,-2.57,-2.41,-2.20,-1.41,-1.41,-1.41
160.03,1.11,1.11,2.56,2.57,-2.57,-2.43,-2.18,-1.46,-1.46,-1.45
161.63,1.07,1.07,2.57,2.57,-2.57,-2.44,-2.16,-1.50,-1.50,-1.50
163.24,1.02,1.02,2.56,2.57,-2.57,-2.45,-2.14,-1.55,-1.54,-1.55
164.88,0.98,0.98,2.57,2.57,-2.56,-2.46,-2.12,-1.58,-1.58,-1.59
166.53,0.94,0.93,2.56,2.56,-2.56,-2.47,-2.10,-1.62,-1.63,-1.63
168.19,0.89,0.89,2.55,2.56,-2.56,-2.48,-2.09,-1.67,-1.66,-1.66
169.87,0.85,0.85,2.55,2.55,-2.55,-2.49,-2.08,-1.70,-1.70,-1.70
171.57,0.81,0.81,2.55,2.55,-2.55,-2.49,-2.07,-1.74,-1.74,-1.74
173.29,0.77,0.77,2.54,2.54,-2.54,-2.50,-2.05,-1.77,-1.77,-1.77
175.02,0.72,0.72,2.53,2.53,-2.53,-2.51,-2.05,-1.81,-1.81,-1.81
176.77,0.68,0.68,2.52,2.52,-2.52,-2.51,-2.04,-1.84,-1.84,-1.84
178.54,0.64,0.64,2.51,2.51,-2.51,-2.52,-2.03,-1.87,-1.87,-1.87
180.32,0.60,0.60,2.50,2.50,-2.50,-2.52,-2.03,-1.90,-1.90,-1.91
182.13,0.55,0.55,2.49,2.49,-2.49,-2.52,-2.03,-1.94,-1.94,-1.94
183.95,0.51,0.51,2.48,2.48,-2.48,-2.53,-2.03,-1.97,-1.97,-1.97
185.79,0.47,0.47,2.46,2.46,-2.47,-2.53,-2.03,-2.00,-2.00,-2.00
187.65,0.43,0.43,2.45,2.45,-2.45,-2.53,-2.03,-2.03,-2.03,-2.02
189.52,0.39,0.39,2.44,2.44,-2.44,-2.52,-2.04,-2.05,-2.05,-2.05
191.42,0.36,0.35,2.44,2.43,-2.43,-2.52,-2.04,-2.07,-2.08,-2.08
193.33,0.32,0.32,2.42,2.42,-2.42,-2.52,-2.05,-2.10,-2.10,-2.10
195.27,0.28,0.28,2.41,2.41,-2.41,-2.52,-2.05,-2.13,-2.13,-2.13
197.22,0.25,0.25,2.40,2.40,-2.40,-2.51,-2.06,-2.15,-2.15,-2.15
199.19,0.21,0.21,2.39,2.39,-2.39,-2.51,-2.07,-2.18,-2.18,-2.18
201.18,0.18,0.18,2.38,2.38,-2.37,-2.50,-2.08,-2.20,-2.20,-2.20
203.19,0.14,0.14,2.36,2.36,-2.36,-2.49,-2.10,-2.22,-2.22,-2.22
205.23,0.10,0.10,2.34,2.35,-2.35,-2.48,-2.11,-2.25,-2.24,-2.24
207.28,0.07,0.07,2.33,2.33,-2.33,-2.47,-2.12,-2.26,-2.27,-2.26
209.35,0.03,0.03,2.31,2.32,-2.32,-2.46,-2.13,-2.29,-2.29,-2.28
211.44,-0.00,-0.00,2.30,2.30,-2.30,-2.45,-2.15,-2.30,-2.30,-2.30
213.56,-0.04,-0.04,2.28,2.28,-2.28,-2.44,-2.16,-2.32,-2.32,-2.32
215.69,-0.07,-0.07,2.27,2.27,-2.27,-2.42,-2.18,-2.34,-2.34,-2.34
217.85,-0.11,-0.11,2.25,2.25,-2.25,-2.41,-2.19,-2.36,-2.36,-2.36
220.03,-0.14,-0.14,2.23,2.23,-2.23,-2.39,-2.20,-2.37,-2.37,-2.38
222.23,-0.18,-0.18,2.21,2.21,-2.21,-2.38,-2.21,-2.39,-2.39,-2.39
224.45,-0.21,-0.21,2.20,2.19,-2.19,-2.36,-2.23,-2.41,-2.41,-2.41
226.70,-0.25,-0.25,2.17,2.18,-2.18,-2.34,-2.24,-2.43,-2.42,-2.42
228.96,-0.28,-0.28,2.16,2.16,-2.16,-2.33,-2.25,-2.44,-2.44,-2.44
231.25,-0.31,-0.32,2.14,2.14,-2.14,-2.31,-2.25,-2.45,-2.46,-2.45
233.57,-0.35,-0.35,2.12,2.12,-2.12,-2.29,-2.26,-2.48,-2.47,-2.47
235.90,-0.38,-0.38,2.11,2.11,-2.11,-2.27,-2.26,-2.49,-2.49,-2.49
238.26,-0.41,-0.41,2.09,2.09,-2.09,-2.25,-2.27,-2.50,-2.50,-2.50
240.64,-0.44,-0.44,2.08,2.08,-2.07,-2.23,-2.27,-2.51,-2.51,-2.52
243.05,-0.47,-0.47,2.06,2.06,-2.05,-2.21,-2.26,-2.53,-2.52,-2.53
245.48,-0.50,-0.50,2.04,2.04,-2.04,-2.18,-2.26,-2.54,-2.54,-2.54
247.93,-0.53,-0.53,2.02,2.02,-2.02,-2.16,-2.25,-2.55,-2.55,-2.55
250.41,-0.57,-0.57,1.99,1.99,-2.00,-2.14,-2.24,-2.57,-2.56,-2.56
252.92,-0.60,-0.60,1.97,1.97,-1.98,-2.11,-2.23,-2.58,-2.58,-2.57
255.45,-0.63,-0.63,1.95,1.95,-1.96,-2.09,-2.22,-2.59,-2.59,-2.58
258.00,-0.66,-0.66,1.93,1.93,-1.94,-2.07,-2.20,-2.60,-2.59,-2.59
260.58,-0.68,-0.68,1.92,1.92,-1.92,-2.04,-2.18,-2.60,-2.60,-2.60
263.19,-0.71,-0.71,1.90,1.90,-1.90,-2.02,-2.16,-2.61,-2.61,-2.61
265.82,-0.73,-0.73,1.89,1.89,-1.89,-1.99,-2.14,-2.62,-2.62,-2.62
268.48,-0.76,-0.76,1.87,1.87,-1.87,-1.97,-2.11,-2.63,-2.63,-2.63
271.16,-0.78,-0.78,1.86,1.86,-1.86,-1.94,-2.09,-2.64,-2.64,-2.64
273.87,-0.80,-0.81,1.84,1.84,-1.84,-1.92,-2.06,-2.64,-2.65,-2.64
276.61,-0.83,-0.83,1.82,1.83,-1.82,-1.89,-2.03,-2.66,-2.65,-2.65
279.38,-0.85,-0.85,1.81,1.81,-1.81,-1.87,-1.99,-2.66,-2.66,-2.66
282.17,-0.87,-0.87,1.80,1.79,-1.79,-1.84,-1.96,-2.66,-2.66,-2.67
284.99,-0.89,-0.89,1.77,1.77,-1.77,-1.82,-1.93,-2.67,-2.67,-2.66
287.84,-0.91,-0.91,1.75,1.75,-1.76,-1.79,-1.89,-2.67,-2.67,-2.66
290.72,-0.93,-0.93,1.74,1.74,-1.74,-1.77,-1.86,-2.67,-2.67,-2.67
293.63,-0.95,-0.95,1.72,1.72,-1.71,-1.74,-1.82,-2.67,-2.66,-2.67
296.57,-0.97,-0.97,1.70,1.70,-1.69,-1.72,-1.78,-2.66,-2.67,-2.67
299.53,-0.99,-0.99,1.67,1.67,-1.67,-1.69,-1.74,-2.66,-2.67,-2.66
302.53,-1.02,-1.02,1.65,1.65,-1.65,-1.67,-1.71,-2.67,-2.67,-2.67
305.55,-1.04,-1.04,1.62,1.63,-1.63,-1.64,-1.67,-2.67,-2.67,-2.67
308.61,-1.06,-1.06,1.61,1.61,-1.61,-1.62,-1.63,-2.67,-2.67,-2.67
311.69,-1.07,-1.08,1.59,1.59,-1.59,-1.60,-1.60,-2.66,-2.67,-2.67
314.81,-1.09,-1.09,1.58,1.58,-1.58,-1.57,-1.56,-2.67,-2.67,-2.67
317.96,-1.11,-1.11,1.55,1.56,-1.56,-1.55,-1.52,-2.67,-2.67,-2.67
321.14,-1.12,-1.12,1.55,1.54,-1.54,-1.52,-1.49,-2.66,-2.67,-2.67
324.35,-1.14,-1.14,1.52,1.53,-1.53,-1.50,-1.45,-2.67,-2.67,-2.66
327.59,-1.15,-1.15,1.51,1.51,-1.51,-1.48,-1.42,-2.66,-2.66,-2.66
330.87,-1.16,-1.16,1.50,1.49,-1.49,-1.46,-1.39,-2.66,-2.66,-2.66
334.18,-1.18,-1.18,1.47,1.48,-1.48,-1.43,-1.35,-2.66,-2.65,-2.66
337.52,-1.19,-1.19,1.47,1.46,-1.46,-1.41,-1.32,-2.65,-2.65,-2.66
340.90,-1.21,-1.21,1.44,1.44,-1.44,-1.39,-1.29,-2.65,-2.65,-2.65
344.30,-1.23,-1.23,1.42,1.42,-1.42,-1.37,-1.26,-2.65,-2.65,-2.65
347.75,-1.24,-1.24,1.40,1.40,-1.40,-1.35,-1.23,-2.64,-2.64,-2.64
351.23,-1.25,-1.26,1.39,1.38,-1.38,-1.32,-1.20,-2.63,-2.64,-2.64
354.74,-1.27,-1.27,1.36,1.36,-1.37,-1.30,-1.17,-2.64,-2.63,-2.63
358.28,-1.28,-1.28,1.35,1.34,-1.35,-1.28,-1.15,-2.63,-2.63,-2.63
361.87,-1.29,-1.29,1.33,1.33,-1.33,-1.26,-1.12,-2.62,-2.62,-2.62
365.49,-1.30,-1.30,1.31,1.32,-1.32,-1.24,-1.09,-2.62,-2.62,-2.61
369.14,-1.30,-1.30,1.32,1.31,-1.31,-1.22,-1.07,-2.61,-2.61,-2.62
372.83,-1.31,-1.31,1.29,1.29,-1.29,-1.20,-1.05,-2.60,-2.61,-2.60
376.56,-1.32,-1.32,1.28,1.28,-1.28,-1.18,-1.02,-2.60,-2.60,-2.60
380.33,-1.33,-1.33,1.26,1.27,-1.27,-1.17,-1.00,-2.60,-2.60,-2.59
384.13,-1.33,-1.34,1.27,1.26,-1.26,-1.15,-0.98,-2.59,-2.59,-2.60
387.97,-1.34,-1.34,1.25,1.24,-1.24,-1.13,-0.96,-2.58,-2.58,-2.59
391.85,-1.35,-1.35,1.22,1.23,-1.23,-1.11,-0.94,-2.58,-2.58,-2.57
395.77,-1.35,-1.35,1.22,1.22,-1.22,-1.10,-0.92,-2.57,-2.57,-2.57
399.73,-1.36,-1.36,1.20,1.21,-1.21,-1.08,-0.91,-2.57,-2.57,-2.57
403.72,-1.36,-1.36,1.20,1.20,-1.20,-1.06,-0.89,-2.56,-2.56,-2.56
407.76,-1.37,-1.37,1.19,1.19,-1.19,-1.05,-0.87,-2.56,-2.56,-2.56
411.84,-1.37,-1.37,1.18,1.18,-1.18,-1.03,-0.86,-2.55,-2.55,-2.55
415.96,-1.38,-1.38,1.16,1.17,-1.17,-1.01,-0.84,-2.55,-2.55,-2.54
420.12,-1.38,-1.38,1.16,1.16,-1.16,-1.00,-0.83,-2.54,-2.54,-2.54
424.32,-1.39,-1.39,1.14,1.15,-1.15,-0.98,-0.82,-2.54,-2.54,-2.54
428.56,-1.39,-1.39,1.14,1.14,-1.14,-0.97,-0.80,-2.53,-2.53,-2.53
432.85,-1.39,-1.40,1.13,1.13,-1.13,-0.96,-0.79,-2.52,-2.52,-2.52
437.18,-1.40,-1.40,1.12,1.12,-1.12,-0.94,-0.78,-2.52,-2.52,-2.52
441.55,-1.40,-1.40,1.11,1.11,-1.11,-0.93,-0.77,-2.51,-2.51,-2.51
445.96,-1.40,-1.40,1.10,1.10,-1.10,-0.92,-0.76,-2.50,-2.50,-2.50
450.42,-1.40,-1.40,1.08,1.08,-1.08,-0.90,-0.75,-2.48,-2.49,-2.48
454.93,-1.41,-1.41,1.06,1.07,-1.07,-0.89,-0.74,-2.48,-2.48,-2.48
459.48,-1.41,-1.41,1.06,1.06,-1.06,-0.88,-0.74,-2.47,-2.47,-2.47
464.07,-1.42,-1.42,1.05,1.05,-1.05,-0.87,-0.73,-2.47,-2.46,-2.47
468.71,-1.42,-1.42,1.04,1.03,-1.03,-0.86,-0.72,-2.45,-2.46,-2.46
473.40,-1.43,-1.43,1.02,1.02,-1.02,-0.85,-0.72,-2.45,-2.45,-2.45
478.13,-1.43,-1.43,1.01,1.01,-1.01,-0.84,-0.71,-2.44,-2.44,-2.44
482.91,-1.43,-1.43,1.00,1.00,-1.00,-0.82,-0.71,-2.43,-2.43,-2.43
487.74,-1.43,-1.43,0.99,0.99,-0.99,-0.81,-0.70,-2.42,-2.42,-2.42
492.62,-1.43,-1.43,0.98,0.98,-0.98,-0.81,-0.70,-2.41,-2.41,-2.41
497.55,-1.43,-1.43,0.97,0.97,-0.97,-0.80,-0.69,-2.40,-2.40,-2.40
502.52,-1.43,-1.43,0.96,0.96,-0.96,-0.79,-0.69,-2.39,-2.39,-2.40
507.55,-1.43,-1.43,0.95,0.95,-0.94,-0.78,-0.69,-2.38,-2.38,-2.38
512.62,-1.44,-1.44,0.93,0.93,-0.93,-0.77,-0.69,-2.37,-2.37,-2.37
517.75,-1.44,-1.44,0.92,0.92,-0.92,-0.76,-0.69,-2.36,-2.36,-2.36
522.93,-1.44,-1.44,0.91,0.91,-0.91,-0.76,-0.69,-2.35,-2.35,-2.35
528.16,-1.44,-1.44,0.90,0.90,-0.90,-0.75,-0.69,-2.34,-2.34,-2.34
533.44,-1.44,-1.44,0.89,0.89,-0.89,-0.74,-0.69,-2.33,-2.33,-2.33
538.77,-1.44,-1.44,0.89,0.89,-0.88,-0.73,-0.69,-2.32,-2.32,-2.33
544.16,-1.43,-1.43,0.88,0.88,-0.87,-0.73,-0.69,-2.31,-2.31,-2.31
549.60,-1.43,-1.43,0.87,0.87,-0.87,-0.72,-0.69,-2.30,-2.30,-2.30
555.10,-1.42,-1.42,0.86,0.86,-0.86,-0.72,-0.70,-2.28,-2.29,-2.28
560.65,-1.42,-1.42,0.85,0.85,-0.86,-0.71,-0.70,-2.28,-2.28,-2.27
566.25,-1.42,-1.42,0.84,0.85,-0.85,-0.71,-0.70,-2.27,-2.27,-2.26
571.92,-1.41,-1.41,0.84,0.84,-0.85,-0.70,-0.71,-2.26,-2.26,-2.25
577.64,-1.41,-1.41,0.84,0.84,-0.84,-0.70,-0.71,-2.25,-2.25,-2.25
583.41,-1.40,-1.40,0.84,0.84,-0.84,-0.70,-0.72,-2.24,-2.24,-2.24
589.25,-1.40,-1.40,0.83,0.84,-0.83,-0.69,-0.73,-2.23,-2.23,-2.24
595.14,-1.39,-1.39,0.83,0.83,-0.83,-0.69,-0.73,-2.22,-2.22,-2.23
601.09,-1.39,-1.39,0.83,0.82,-0.82,-0.69,-0.74,-2.21,-2.21,-2.22
607.10,-1.39,-1.39,0.81,0.81,-0.81,-0.68,-0.75,-2.20,-2.20,-2.20
613.17,-1.39,-1.39,0.80,0.79,-0.79,-0.68,-0.76,-2.18,-2.18,-2.19
619.30,-1.39,-1.39,0.78,0.78,-0.78,-0.68,-0.77,-2.17,-2.17,-2.17
625.50,-1.39,-1.39,0.76,0.76,-0.76,-0.68,-0.78,-2.16,-2.16,-2.15
631.75,-1.39,-1.39,0.75,0.75,-0.75,-0.68,-0.79,-2.14,-2.14,-2.14
638.07,-1.38,-1.38,0.74,0.74,-0.74,-0.68,-0.80,-2.12,-2.13,-2.12
644.45,-1.38,-1.38,0.73,0.73,-0.73,-0.68,-0.82,-2.11,-2.11,-2.11
650.89,-1.37,-1.37,0.73,0.73,-0.73,-0.68,-0.83,-2.10,-2.10,-2.10
657.40,-1.36,-1.36,0.72,0.72,-0.72,-0.68,-0.84,-2.08,-2.08,-2.08
663.98,-1.35,-1.35,0.72,0.72,-0.71,-0.68,-0.86,-2.06,-2.07,-2.07
670.62,-1.35,-1.35,0.71,0.71,-0.71,-0.68,-0.88,-2.06,-2.05,-2.06
677.32,-1.34,-1.34,0.70,0.70,-0.70,-0.68,-0.89,-2.04,-2.04,-2.04
684.10,-1.33,-1.34,0.69,0.69,-0.69,-0.69,-0.91,-2.02,-2.02,-2.02
690.94,-1.33,-1.33,0.67,0.68,-0.68,-0.69,-0.93,-2.01,-2.00,-2.00
697.85,-1.32,-1.32,0.67,0.67,-0.67,-0.69,-0.95,-1.99,-1.99,-1.99
704.83,-1.31,-1.32,0.66,0.66,-0.66,-0.70,-0.97,-1.97,-1.97,-1.97
711.87,-1.31,-1.31,0.64,0.65,-0.65,-0.70,-0.99,-1.96,-1.96,-1.95
718.99,-1.30,-1.30,0.64,0.64,-0.64,-0.71,-1.01,-1.94,-1.94,-1.94
726.18,-1.29,-1.29,0.63,0.63,-0.63,-0.71,-1.03,-1.92,-1.92,-1.92
733.44,-1.28,-1.28,0.62,0.63,-0.63,-0.72,-1.05,-1.91,-1.90,-1.90
740.78,-1.26,-1.27,0.63,0.62,-0.62,-0.72,-1.08,-1.88,-1.89,-1.89
748.19,-1.25,-1.25,0.62,0.62,-0.62,-0.73,-1.10,-1.87,-1.87,-1.87
755.67,-1.24,-1.24,0.61,0.62,-0.62,-0.74,-1.13,-1.86,-1.86,-1.85
763.23,-1.22,-1.22,0.62,0.62,-0.62,-0.75,-1.15,-1.84,-1.84,-1.84
770.86,-1.20,-1.20,0.62,0.62,-0.62,-0.75,-1.18,-1.82,-1.82,-1.82
778.57,-1.18,-1.18,0.62,0.63,-0.63,-0.76,-1.20,-1.81,-1.81,-1.80
786.35,-1.15,-1.15,0.64,0.63,-0.63,-0.77,-1.23,-1.78,-1.79,-1.79
794.22,-1.13,-1.13,0.63,0.64,-0.64,-0.78,-1.26,-1.77,-1.77,-1.76
802.16,-1.10,-1.10,0.65,0.65,-0.65,-0.79,-1.28,-1.76,-1.75,-1.75
810.18,-1.07,-1.07,0.66,0.67,-0.67,-0.80,-1.31,-1.74,-1.74,-1.73
818.28,-1.03,-1.04,0.68,0.68,-0.68,-0.82,-1.34,-1.71,-1.72,-1.71
826.46,-1.00,-1.00,0.70,0.70,-0.69,-0.83,-1.37,-1.70,-1.70,-1.70
834.73,-0.97,-0.97,0.70,0.71,-0.71,-0.84,-1.40,-1.68,-1.68,-1.67
843.08,-0.93,-0.93,0.73,0.73,-0.73,-0.86,-1.42,-1.66,-1.66,-1.67
851.51,-0.90,-0.90,0.74,0.74,-0.74,-0.87,-1.45,-1.64,-1.64,-1.65
860.02,-0.86,-0.86,0.76,0.76,-0.76,-0.88,-1.48,-1.62,-1.62,-1.63
868.62,-0.82,-0.82,0.77,0.78,-0.78,-0.90,-1.50,-1.60,-1.60,-1.60
877.31,-0.78,-0.78,0.79,0.80,-0.80,-0.92,-1.53,-1.58,-1.58,-1.58
886.08,-0.73,-0.73,0.82,0.82,-0.83,-0.93,-1.55,-1.56,-1.56,-1.56
894.94,-0.68,-0.68,0.86,0.85,-0.85,-0.95,-1.57,-1.53,-1.53,-1.54
903.89,-0.63,-0.63,0.89,0.88,-0.88,-0.97,-1.59,-1.51,-1.51,-1.52
912.93,-0.58,-0.58,0.91,0.91,-0.90,-0.99,-1.61,-1.49,-1.48,-1.49
922.06,-0.52,-0.52,0.94,0.93,-0.93,-1.01,-1.63,-1.46,-1.46,-1.46
931.28,-0.47,-0.47,0.96,0.96,-0.97,-1.03,-1.64,-1.44,-1.44,-1.43
940.59,-0.41,-0.41,1.00,1.00,-1.00,-1.05,-1.66,-1.41,-1.41,-1.41
950.00,-0.35,-0.35,1.04,1.03,-1.03,-1.08,-1.67,-1.38,-1.38,-1.39
959.50,-0.28,-0.28,1.08,1.07,-1.07,-1.10,-1.67,-1.35,-1.35,-1.36
969.09,-0.22,-0.22,1.11,1.11,-1.11,-1.12,-1.68,-1.33,-1.33,-1.33
978.78,-0.15,-0.15,1.15,1.15,-1.15,-1.15,-1.68,-1.30,-1.30,-1.30
988.57,-0.08,-0.08,1.19,1.19,-1.19,-1.17,-1.68,-1.27,-1.27,-1.27
998.46,-0.01,-0.01,1.24,1.23,-1.23,-1.20,-1.68,-1.24,-1.24,-1.25
1008.44,0.06,0.06,1.27,1.27,-1.27,-1.23,-1.68,-1.21,-1.21,-1.21
1018.53,0.14,0.14,1.32,1.31,-1.32,-1.26,-1.67,-1.18,-1.18,-1.18
1028.71,0.21,0.21,1.35,1.36,-1.36,-1.28,-1.66,-1.15,-1.15,-1.14
1039.00,0.29,0.29,1.41,1.40,-1.41,-1.31,-1.64,-1.12,-1.12,-1.12
1049.39,0.37,0.37,1.46,1.45,-1.45,-1.34,-1.63,-1.08,-1.08,-1.09
1059.88,0.45,0.45,1.50,1.50,-1.49,-1.38,-1.61,-1.04,-1.04,-1.05
1070.48,0.53,0.53,1.54,1.54,-1.54,-1.41,-1.59,-1.01,-1.01,-1.01
1081.19,0.61,0.61,1.59,1.58,-1.58,-1.44,-1.57,-0.97,-0.97,-0.98
1092.00,0.68,0.68,1.62,1.62,-1.62,-1.47,-1.54,-0.94,-0.94,-0.94
1102.92,0.76,0.76,1.65,1.66,-1.66,-1.50,-1.51,-0.90,-0.89,-0.89
1113.95,0.84,0.84,1.70,1.69,-1.69,-1.54,-1.49,-0.85,-0.85,-0.86
1125.09,0.92,0.92,1.73,1.73,-1.72,-1.57,-1.46,-0.80,-0.81,-0.81
1136.34,0.99,0.99,1.76,1.76,-1.76,-1.60,-1.42,-0.77,-0.76,-0.77
1147.70,1.07,1.07,1.78,1.78,-1.78,-1.63,-1.39,-0.72,-0.72,-0.71
1159.18,1.15,1.15,1.81,1.81,-1.81,-1.67,-1.36,-0.66,-0.67,-0.66
1170.77,1.22,1.22,1.84,1.84,-1.84,-1.70,-1.32,-0.62,-0.61,-0.62
1182.48,1.30,1.30,1.87,1.86,-1.86,-1.73,-1.29,-0.56,-0.56,-0.57
1194.30,1.37,1.37,1.89,1.88,-1.88,-1.76,-1.25,-0.51,-0.51,-0.52
1206.25,1.44,1.44,1.89,1.90,-1.90,-1.80,-1.21,-0.46,-0.46,-0.45
1218.31,1.51,1.51,1.91,1.91,-1.91,-1.82,-1.18,-0.40,-0.40,-0.40
1230.49,1.58,1.58,1.93,1.92,-1.93,-1.85,-1.14,-0.35,-0.35,-0.35
1242.80,1.64,1.64,1.94,1.94,-1.93,-1.88,-1.10,-0.29,-0.29,-0.30
1255.22,1.71,1.71,1.95,1.94,-1.94,-1.91,-1.07,-0.23,-0.23,-0.24
1267.78,1.77,1.77,1.94,1.94,-1.94,-1.93,-1.03,-0.17,-0.17,-0.17
1280.45,1.84,1.84,1.95,1.94,-1.94,-1.95,-0.99,-0.10,-0.11,-0.11
1293.26,1.90,1.90,1.94,1.94,-1.94,-1.97,-0.96,-0.04,-0.04,-0.04
1306.19,1.96,1.96,1.94,1.94,-1.94,-1.99,-0.92,0.02,0.02,0.02
1319.25,2.02,2.02,1.93,1.93,-1.93,-2.01,-0.89,0.09,0.09,0.09
1332.45,2.07,2.07,1.92,1.92,-1.92,-2.02,-0.85,0.15,0.15,0.15
1345.77,2.13,2.13,1.91,1.91,-1.90,-2.03,-0.82,0.22,0.22,0.22
1359.23,2.18,2.18,1.89,1.89,-1.89,-2.03,-0.79,0.29,0.29,0.29
1372.82,2.24,2.24,1.88,1.88,-1.87,-2.03,-0.75,0.36,0.36,0.36
1386.55,2.29,2.29,1.86,1.86,-1.86,-2.03,-0.72,0.43,0.43,0.43
1400.41,2.34,2.34,1.84,1.84,-1.84,-2.03,-0.69,0.50,0.50,0.50
1414.42,2.39,2.39,1.82,1.82,-1.82,-2.02,-0.66,0.57,0.56,0.57
1428.56,2.43,2.43,1.80,1.80,-1.81,-2.00,-0.63,0.62,0.63,0.63
1442.85,2.48,2.48,1.79,1.78,-1.79,-1.98,-0.60,0.69,0.69,0.69
1457.28,2.53,2.52,1.77,1.77,-1.77,-1.96,-0.57,0.76,0.76,0.76
1471.85,2.57,2.57,1.75,1.75,-1.75,-1.93,-0.54,0.82,0.83,0.82
1486.57,2.62,2.62,1.73,1.73,-1.72,-1.90,-0.51,0.89,0.89,0.89
1501.43,2.67,2.67,1.71,1.71,-1.70,-1.87,-0.48,0.97,0.97,0.96
1516.45,2.71,2.71,1.68,1.68,-1.68,-1.82,-0.46,1.03,1.04,1.03
1531.61,2.76,2.76,1.65,1.65,-1.65,-1.78,-0.43,1.11,1.11,1.11
1546.93,2.80,2.80,1.61,1.61,-1.62,-1.73,-0.40,1.18,1.18,1.19
1562.40,2.85,2.85,1.58,1.58,-1.58,-1.68,-0.38,1.26,1.26,1.27
1578.02,2.89,2.89,1.55,1.55,-1.55,-1.62,-0.35,1.34,1.34,1.34
1593.80,2.94,2.94,1.53,1.52,-1.51,-1.56,-0.33,1.42,1.42,1.41
1609.74,2.98,2.98,1.48,1.48,-1.48,-1.49,-0.30,1.50,1.50,1.50
1625.84,3.02,3.02,1.44,1.44,-1.44,-1.43,-0.28,1.58,1.58,1.58
1642.10,3.07,3.06,1.39,1.39,-1.40,-1.35,-0.25,1.67,1.67,1.68
1658.52,3.11,3.11,1.35,1.35,-1.35,-1.28,-0.23,1.76,1.76,1.76
1675.10,3.15,3.15,1.30,1.31,-1.30,-1.20,-0.20,1.85,1.85,1.85
1691.85,3.20,3.20,1.27,1.26,-1.25,-1.12,-0.18,1.95,1.94,1.93
1708.77,3.24,3.24,1.21,1.20,-1.20,-1.04,-0.15,2.04,2.04,2.03
1725.86,3.27,3.27,1.13,1.14,-1.14,-0.95,-0.13,2.13,2.13,2.14
1743.12,3.31,3.31,1.08,1.07,-1.08,-0.86,-0.10,2.23,2.23,2.23
1760.55,3.34,3.34,1.00,1.01,-1.01,-0.77,-0.08,2.33,2.33,2.34
1778.15,3.38,3.38,0.94,0.94,-0.94,-0.68,-0.05,2.44,2.44,2.44
1795.94,3.41,3.41,0.88,0.87,-0.86,-0.59,-0.02,2.55,2.54,2.53
1813.90,3.43,3.43,0.78,0.79,-0.78,-0.49,0.00,2.64,2.65,2.65
1832.03,3.46,3.46,0.71,0.70,-0.70,-0.40,0.03,2.76,2.76,2.75
1850.36,3.48,3.48,0.61,0.61,-0.61,-0.30,0.06,2.87,2.86,2.87
1868.86,3.50,3.50,0.52,0.52,-0.52,-0.20,0.09,2.98,2.98,2.98
1887.55,3.51,3.51,0.42,0.42,-0.42,-0.10,0.12,3.09,3.10,3.09
1906.42,3.53,3.52,0.32,0.32,-0.31,-0.00,0.15,3.22,3.21,3.21
1925.49,3.53,3.53,0.21,0.21,-0.20,0.10,0.18,3.33,3.33,3.32
1944.74,3.53,3.53,0.09,0.09,-0.09,0.20,0.22,3.44,3.45,3.44
1964.19,3.53,3.53,-0.03,-0.03,0.03,0.30,0.25,3.56,3.56,3.56
1983.83,3.52,3.52,-0.16,-0.16,0.15,0.40,0.29,3.67,3.67,3.68
2003.67,3.51,3.51,-0.28,-0.28,0.27,0.51,0.32,3.78,3.78,3.79
2023.71,3.49,3.49,-0.41,-0.40,0.40,0.61,0.36,3.89,3.89,3.90
2043.94,3.48,3.47,-0.52,-0.52,0.52,0.71,0.40,4.00,4.00,4.00
2064.38,3.45,3.45,-0.64,-0.65,0.65,0.82,0.44,4.10,4.10,4.09
2085.03,3.42,3.42,-0.77,-0.77,0.78,0.92,0.49,4.20,4.20,4.19
2105.88,3.39,3.39,-0.91,-0.91,0.92,1.03,0.53,4.31,4.30,4.30
2126.94,3.35,3.35,-1.05,-1.05,1.05,1.13,0.58,4.40,4.40,4.40
2148.20,3.30,3.30,-1.20,-1.20,1.20,1.24,0.62,4.50,4.50,4.50
2169.69,3.26,3.26,-1.34,-1.34,1.34,1.34,0.67,4.60,4.60,4.60
2191.38,3.21,3.21,-1.49,-1.50,1.49,1.45,0.72,4.70,4.70,4.70
2213.30,3.16,3.16,-1.65,-1.65,1.64,1.56,0.77,4.80,4.80,4.81
2235.43,3.11,3.11,-1.80,-1.80,1.80,1.66,0.83,4.91,4.91,4.91
2257.78,3.05,3.05,-1.95,-1.95,1.96,1.77,0.88,5.01,5.01,5.00
2280.36,2.99,2.99,-2.11,-2.11,2.12,1.87,0.94,5.11,5.11,5.10
2303.17,2.93,2.93,-2.26,-2.27,2.28,1.98,1.00,5.21,5.20,5.19
2326.20,2.86,2.86,-2.43,-2.44,2.43,2.08,1.05,5.29,5.29,5.29
2349.46,2.79,2.79,-2.61,-2.60,2.59,2.19,1.12,5.38,5.38,5.40
2372.95,2.72,2.72,-2.76,-2.76,2.74,2.30,1.18,5.46,5.47,5.48
2396.68,2.66,2.66,-2.89,-2.90,2.90,2.40,1.24,5.55,5.55,5.55
2420.65,2.59,2.59,-3.04,-3.03,3.04,2.51,1.31,5.63,5.63,5.63
2444.86,2.53,2.53,-3.17,-3.17,3.18,2.61,1.37,5.71,5.71,5.70
2469.31,2.47,2.47,-3.30,-3.31,3.31,2.71,1.44,5.78,5.78,5.77
2494.00,2.41,2.41,-3.45,-3.44,3.44,2.82,1.51,5.85,5.85,5.86
2518.94,2.35,2.35,-3.57,-3.57,3.56,2.92,1.58,5.91,5.91,5.92
2544.13,2.30,2.30,-3.67,-3.68,3.68,3.02,1.66,5.98,5.98,5.97
2569.57,2.25,2.25,-3.78,-3.78,3.79,3.12,1.73,6.04,6.04,6.03
2595.27,2.21,2.21,-3.88,-3.89,3.89,3.22,1.81,6.10,6.10,6.09
2621.22,2.18,2.17,-3.98,-3.98,3.98,3.32,1.89,6.16,6.15,6.16
2647.43,2.14,2.15,-4.07,-4.06,4.05,3.42,1.97,6.19,6.20,6.21
2673.90,2.13,2.13,-4.12,-4.13,4.12,3.51,2.05,6.25,6.25,6.25
2700.64,2.12,2.12,-4.17,-4.18,4.18,3.60,2.14,6.30,6.30,6.29
2727.65,2.12,2.12,-4.22,-4.21,4.22,3.69,2.23,6.34,6.34,6.34
2754.93,2.14,2.13,-4.24,-4.25,4.25,3.78,2.32,6.39,6.38,6.38
2782.48,2.15,2.15,-4.27,-4.27,4.26,3.87,2.41,6.41,6.41,6.42
2810.30,2.18,2.19,-4.28,-4.27,4.26,3.95,2.50,6.44,6.44,6.46
2838.40,2.23,2.22,-4.24,-4.25,4.25,4.03,2.60,6.47,6.47,6.47
2866.79,2.28,2.27,-4.21,-4.22,4.22,4.11,2.69,6.50,6.49,6.49
2895.46,2.32,2.33,-4.19,-4.18,4.19,4.18,2.79,6.50,6.51,6.51
2924.41,2.39,2.39,-4.14,-4.14,4.14,4.25,2.90,6.53,6.53,6.53
2953.65,2.46,2.46,-4.08,-4.09,4.08,4.32,3.00,6.54,6.54,6.54
2983.19,2.53,2.53,-4.03,-4.03,4.03,4.38,3.11,6.55,6.56,6.56
3013.02,2.61,2.61,-3.97,-3.96,3.96,4.44,3.22,6.57,6.57,6.58
3043.15,2.69,2.69,-3.89,-3.90,3.90,4.49,3.33,6.58,6.58,6.58
3073.58,2.77,2.77,-3.82,-3.83,3.83,4.54,3.44,6.60,6.60,6.59
3104.32,2.84,2.85,-3.77,-3.76,3.76,4.58,3.55,6.60,6.61,6.61
3135.36,2.92,2.91,-3.70,-3.71,3.70,4.62,3.67,6.62,6.61,6.62
3166.72,2.97,2.97,-3.65,-3.65,3.64,4.66,3.79,6.61,6.61,6.62
3198.38,3.00,3.01,-3.60,-3.59,3.60,4.69,3.91,6.60,6.61,6.60
3230.37,3.04,3.03,-3.55,-3.55,3.57,4.72,4.03,6.60,6.60,6.59
3262.67,3.05,3.04,-3.52,-3.54,3.55,4.74,4.15,6.60,6.59,6.57
3295.30,3.02,3.03,-3.55,-3.54,3.55,4.75,4.27,6.57,6.58,6.57
3328.25,2.99,2.99,-3.57,-3.57,3.57,4.77,4.39,6.56,6.56,6.56
3361.53,2.94,2.93,-3.60,-3.62,3.62,4.78,4.52,6.56,6.54,6.54
3395.15,2.84,2.85,-3.68,-3.67,3.68,4.78,4.64,6.52,6.53,6.52
3429.10,2.74,2.74,-3.76,-3.75,3.76,4.79,4.76,6.50,6.50,6.50
3463.39,2.63,2.62,-3.84,-3.86,3.86,4.79,4.88,6.49,6.48,6.47
3498.03,2.48,2.48,-3.97,-3.97,3.97,4.79,4.99,6.45,6.46,6.45
3533.01,2.33,2.33,-4.10,-4.10,4.09,4.78,5.10,6.42,6.42,6.43
3568.34,2.17,2.17,-4.23,-4.23,4.23,4.78,5.21,6.39,6.39,6.40
3604.02,2.00,2.00,-4.36,-4.36,4.36,4.78,5.32,6.36,6.36,6.36
3640.06,1.83,1.83,-4.50,-4.50,4.50,4.78,5.41,6.33,6.33,6.33
3676.46,1.66,1.65,-4.63,-4.64,4.64,4.78,5.51,6.30,6.30,6.29
3713.22,1.48,1.48,-4.78,-4.78,4.78,4.78,5.59,6.26,6.26,6.26
3750.36,1.31,1.32,-4.92,-4.91,4.91,4.79,5.67,6.22,6.23,6.23
3787.86,1.17,1.16,-5.02,-5.03,5.03,4.80,5.74,6.20,6.19,6.19
3825.74,1.02,1.02,-5.14,-5.14,5.14,4.82,5.79,6.16,6.15,6.16
3864.00,0.88,0.89,-5.24,-5.23,5.23,4.84,5.84,6.11,6.12,6.12
3902.64,0.78,0.78,-5.30,-5.30,5.31,4.87,5.88,6.09,6.09,6.08
3941.66,0.70,0.69,-5.34,-5.36,5.36,4.90,5.91,6.06,6.05,6.04
3981.08,0.61,0.62,-5.41,-5.39,5.39,4.92,5.92,6.00,6.01,6.02
4020.89,0.57,0.57,-5.41,-5.40,5.39,4.93,5.93,5.96,5.97,5.98
4061.10,0.57,0.55,-5.37,-5.39,5.37,4.91,5.92,5.94,5.92,5.94
4101.71,0.56,0.57,-5.33,-5.32,5.31,4.87,5.90,5.87,5.88,5.89
4142.73,0.61,0.62,-5.25,-5.24,5.23,4.79,5.87,5.84,5.85,5.86
4184.15,0.71,0.69,-5.10,-5.12,5.11,4.70,5.83,5.82,5.81,5.81
4226.00,0.80,0.80,-4.98,-4.98,4.97,4.59,5.78,5.77,5.77,5.78
4268.26,0.92,0.93,-4.82,-4.81,4.80,4.47,5.72,5.72,5.73,5.74
4310.94,1.08,1.08,-4.62,-4.63,4.61,4.35,5.65,5.69,5.69,5.70
4354.05,1.25,1.24,-4.41,-4.42,4.41,4.24,5.58,5.65,5.65,5.66
4397.59,1.42,1.43,-4.20,-4.19,4.19,4.13,5.49,5.61,5.62,5.62
4441.56,1.61,1.61,-3.97,-3.97,3.97,4.03,5.40,5.58,5.58,5.58
4485.98,1.79,1.78,-3.75,-3.76,3.76,3.95,5.30,5.55,5.54,5.54
4530.84,1.94,1.95,-3.55,-3.55,3.56,3.87,5.20,5.50,5.51,5.49
4576.15,2.09,2.09,-3.37,-3.36,3.37,3.80,5.09,5.46,5.46,5.46
4621.91,2.23,2.21,-3.18,-3.20,3.21,3.75,4.98,5.44,5.42,5.41
4668.13,2.29,2.31,-3.08,-3.06,3.08,3.70,4.87,5.37,5.38,5.37
4714.81,2.36,2.36,-2.97,-2.97,2.98,3.67,4.76,5.34,5.34,5.33
4761.96,2.39,2.38,-2.89,-2.91,2.92,3.64,4.64,5.31,5.30,5.28
4809.58,2.35,2.36,-2.90,-2.88,2.89,3.62,4.52,5.24,5.26,5.25
4857.67,2.32,2.30,-2.88,-2.90,2.91,3.62,4.41,5.22,5.21,5.20
4906.25,2.21,2.21,-2.95,-2.94,2.96,3.62,4.29,5.16,5.17,5.16
4955.31,2.08,2.09,-3.03,-3.03,3.04,3.64,4.18,5.12,5.13,5.11
5004.87,1.94,1.92,-3.13,-3.15,3.16,3.67,4.06,5.10,5.08,5.07
5054.91,1.73,1.74,-3.32,-3.30,3.31,3.71,3.95,5.04,5.05,5.05
5105.46,1.53,1.54,-3.48,-3.48,3.48,3.76,3.84,5.01,5.01,5.01
5156.52,1.32,1.31,-3.66,-3.68,3.67,3.83,3.73,4.99,4.98,4.98
5208.08,1.07,1.07,-3.88,-3.88,3.88,3.91,3.62,4.95,4.95,4.95
5260.16,0.81,0.82,-4.11,-4.10,4.10,4.02,3.52,4.91,4.92,4.92
5312.77,0.56,0.55,-4.33,-4.33,4.33,4.13,3.41,4.89,4.88,4.89
5365.89,0.29,0.29,-4.55,-4.56,4.55,4.27,3.31,4.84,4.84,4.84
5419.55,0.02,0.02,-4.78,-4.78,4.78,4.42,3.22,4.80,4.81,4.80
5473.75,-0.24,-0.24,-5.01,-5.01,5.01,4.60,3.12,4.77,4.77,4.77
5528.49,-0.49,-0.49,-5.22,-5.22,5.23,4.79,3.03,4.74,4.74,4.73
5583.77,-0.73,-0.72,-5.43,-5.42,5.43,4.99,2.94,4.70,4.71,4.70
5639.61,-0.94,-0.93,-5.60,-5.60,5.60,5.21,2.85,4.66,4.67,4.66
5696.00,-1.13,-1.14,-5.77,-5.77,5.74,5.42,2.77,4.61,4.61,4.64
5752.96,-1.33,-1.32,-5.94,-5.92,5.86,5.62,2.69,4.52,4.54,4.61
5810.49,-1.50,-1.46,-6.08,-6.05,5.95,5.79,2.61,4.45,4.48,4.58
5868.60,-1.60,-1.59,-6.15,-6.14,6.01,5.94,2.53,4.41,4.43,4.55
5927.28,-1.69,-1.67,-6.21,-6.20,6.06,6.00,2.46,4.37,4.38,4.52
5986.56,-1.79,-1.73,-6.28,-6.21,6.07,6.03,2.39,4.28,4.34,4.49
6046.42,-1.81,-1.76,-6.25,-6.19,6.05,5.95,2.32,4.24,4.29,4.44
6106.89,-1.82,-1.75,-6.19,-6.12,6.00,5.83,2.25,4.18,4.25,4.37
6167.96,-1.80,-1.70,-6.12,-6.01,5.92,5.62,2.19,4.12,4.22,4.32
6229.64,-1.74,-1.62,-6.00,-5.87,5.81,5.38,2.13,4.07,4.19,4.26
6291.93,-1.67,-1.50,-5.87,-5.69,5.66,5.09,2.07,3.99,4.16,4.20
6354.85,-1.54,-1.35,-5.68,-5.48,5.47,4.78,2.01,3.93,4.12,4.14
6418.40,-1.40,-1.18,-5.48,-5.23,5.24,4.47,1.96,3.84,4.06,4.08
6482.58,-1.26,-0.97,-5.27,-4.96,4.97,4.16,1.90,3.71,3.99,4.01
6547.41,-1.08,-0.76,-5.03,-4.67,4.66,3.87,1.85,3.58,3.91,3.95
6612.88,-0.87,-0.52,-4.76,-4.36,4.34,3.57,1.80,3.47,3.82,3.89
6679.01,-0.67,-0.28,-4.50,-4.02,4.01,3.31,1.76,3.34,3.74,3.83
6745.80,-0.43,-0.03,-4.18,-3.68,3.68,3.06,1.71,3.25,3.65,3.75
6813.26,-0.18,0.19,-3.84,-3.35,3.36,2.83,1.67,3.18,3.55,3.66
6881.39,0.07,0.41,-3.50,-3.02,3.04,2.61,1.62,3.11,3.45,3.57
6950.21,0.34,0.59,-3.15,-2.72,2.75,2.42,1.58,3.09,3.34,3.49
7019.71,0.62,0.73,-2.78,-2.46,2.48,2.23,1.54,3.10,3.22,3.40
7089.91,0.89,0.85,-2.42,-2.22,2.24,2.06,1.51,3.13,3.09,3.31
7160.81,1.16,0.93,-2.04,-2.01,2.03,1.90,1.47,3.19,2.95,3.20
7232.41,1.43,0.97,-1.65,-1.83,1.84,1.75,1.44,3.27,2.82,3.08
7304.74,1.70,1.00,-1.26,-1.68,1.68,1.61,1.40,3.38,2.68,2.96
7377.79,1.92,1.01,-0.92,-1.53,1.53,1.48,1.37,3.45,2.55,2.84
7451.56,2.15,1.01,-0.56,-1.40,1.40,1.35,1.34,3.55,2.41,2.71
7526.08,2.35,1.01,-0.24,-1.28,1.27,1.23,1.31,3.62,2.28,2.59
7601.34,2.51,1.01,0.04,-1.16,1.15,1.11,1.28,3.66,2.15,2.47
7677.35,2.66,1.00,0.30,-1.03,1.02,0.99,1.25,3.68,2.03,2.36
7754.13,2.81,1.00,0.57,-0.90,0.90,0.87,1.22,3.71,1.90,2.24
7831.67,2.88,1.00,0.76,-0.77,0.77,0.76,1.20,3.65,1.77,2.12
7909.98,2.95,1.00,0.95,-0.64,0.64,0.65,1.17,3.59,1.64,2.00
7989.08,3.01,1.01,1.13,-0.50,0.50,0.53,1.15,3.51,1.51,1.88
8068.98,3.00,1.01,1.26,-0.36,0.36,0.41,1.12,3.36,1.38,1.74
8149.67,2.97,1.02,1.38,-0.22,0.22,0.29,1.10,3.19,1.24,1.59
8231.16,2.95,1.03,1.51,-0.07,0.07,0.16,1.08,3.02,1.10,1.44
8313.47,2.86,1.04,1.57,0.08,-0.08,0.03,1.05,2.78,0.96,1.29
8396.61,2.75,1.06,1.61,0.23,-0.23,-0.11,1.03,2.52,0.83,1.14
8480.57,2.64,1.07,1.65,0.38,-0.39,-0.25,1.01,2.25,0.69,0.99
8565.38,2.50,1.09,1.68,0.54,-0.54,-0.40,0.99,1.96,0.54,0.82
8651.03,2.34,1.10,1.69,0.69,-0.70,-0.55,0.97,1.64,0.40,0.65
8737.54,2.19,1.12,1.71,0.85,-0.85,-0.71,0.95,1.33,0.26,0.48
8824.92,2.00,1.13,1.69,1.01,-1.01,-0.88,0.93,0.99,0.12,0.31
8913.17,1.81,1.14,1.68,1.15,-1.16,-1.04,0.91,0.65,-0.02,0.13
9002.30,1.61,1.14,1.65,1.30,-1.29,-1.20,0.90,0.31,-0.16,-0.04
9092.32,1.38,1.13,1.61,1.43,-1.42,-1.36,0.88,-0.04,-0.30,-0.23
9183.25,1.14,1.10,1.56,1.55,-1.54,-1.50,0.86,-0.40,-0.44,-0.42
9275.08,0.90,1.06,1.52,1.65,-1.64,-1.64,0.85,-0.74,-0.58,-0.62
9367.83,0.64,1.00,1.46,1.74,-1.73,-1.73,0.83,-1.09,-0.73,-0.82
9461.51,0.38,0.93,1.39,1.81,-1.80,-1.81,0.82,-1.42,-0.88,-1.01
9556.12,0.11,0.84,1.32,1.86,-1.86,-1.83,0.81,-1.75,-1.02,-1.21
9651.68,-0.16,0.73,1.26,1.90,-1.90,-1.84,0.80,-2.06,-1.17,-1.42
9748.20,-0.42,0.62,1.21,1.94,-1.93,-1.77,0.78,-2.35,-1.31,-1.63
9845.68,-0.68,0.49,1.16,1.95,-1.95,-1.70,0.77,-2.63,-1.46,-1.84
9944.14,-0.93,0.35,1.11,1.96,-1.96,-1.57,0.76,-2.89,-1.61,-2.04
10043.58,-1.18,0.20,1.07,1.96,-1.97,-1.44,0.76,-3.15,-1.77,-2.25
10144.02,-1.40,0.03,1.04,1.96,-1.97,-1.27,0.75,-3.37,-1.94,-2.44
10245.46,-1.62,-0.15,1.01,1.96,-1.97,-1.10,0.74,-3.59,-2.12,-2.63
10347.91,-1.82,-0.34,0.99,1.96,-1.96,-0.92,0.74,-3.78,-2.30,-2.81
10451.39,-1.99,-0.53,1.01,1.95,-1.95,-0.74,0.73,-3.94,-2.48,-3.00
10555.91,-2.15,-0.73,1.04,1.93,-1.93,-0.57,0.73,-4.08,-2.66,-3.19
10661.46,-2.27,-0.93,1.11,1.92,-1.92,-0.39,0.72,-4.19,-2.85,-3.38
10768.08,-2.36,-1.15,1.22,1.89,-1.89,-0.24,0.72,-4.26,-3.04,-3.58
10875.76,-2.45,-1.36,1.33,1.87,-1.87,-0.09,0.72,-4.32,-3.23,-3.78
10984.52,-2.49,-1.59,1.48,1.84,-1.84,0.05,0.72,-4.33,-3.43,-3.97
11094.36,-2.52,-1.82,1.65,1.80,-1.80,0.18,0.73,-4.32,-3.62,-4.17
11205.31,-2.54,-2.06,1.83,1.76,-1.76,0.30,0.73,-4.30,-3.82,-4.37
11317.36,-2.53,-2.30,2.05,1.72,-1.72,0.41,0.73,-4.25,-4.02,-4.58
11430.53,-2.51,-2.55,2.28,1.67,-1.67,0.51,0.74,-4.18,-4.22,-4.79
11544.84,-2.50,-2.81,2.50,1.62,-1.62,0.61,0.75,-4.12,-4.43,-5.00
11660.29,-2.50,-3.07,2.71,1.56,-1.56,0.69,0.76,-4.06,-4.64,-5.21
11776.89,-2.49,-3.34,2.93,1.50,-1.50,0.77,0.77,-3.99,-4.85,-5.42
11894.66,-2.52,-3.62,3.08,1.44,-1.44,0.84,0.78,-3.96,-5.06,-5.60
12013.60,-2.57,-3.90,3.22,1.37,-1.37,0.91,0.79,-3.94,-5.27,-5.79
12133.74,-2.61,-4.19,3.36,1.30,-1.30,0.97,0.81,-3.91,-5.49,-5.97
12255.08,-2.68,-4.49,3.48,1.22,-1.22,1.03,0.83,-3.90,-5.71,-6.16
12377.63,-2.79,-4.79,3.55,1.14,-1.14,1.08,0.85,-3.93,-5.93,-6.34
12501.41,-2.89,-5.10,3.63,1.05,-1.05,1.13,0.88,-3.94,-6.15,-6.52
12626.42,-3.03,-5.42,3.68,0.96,-0.96,1.18,0.90,-3.99,-6.37,-6.71
12752.68,-3.18,-5.74,3.71,0.86,-0.86,1.22,0.93,-4.04,-6.60,-6.89
12880.21,-3.34,-6.07,3.74,0.76,-0.76,1.26,0.97,-4.10,-6.83,-7.08
13009.01,-3.51,-6.40,3.76,0.66,-0.66,1.30,1.00,-4.17,-7.06,-7.27
13139.10,-3.68,-6.74,3.78,0.55,-0.55,1.33,1.04,-4.23,-7.29,-7.46
13270.49,-3.87,-7.09,3.77,0.44,-0.44,1.36,1.09,-4.31,-7.53,-7.64
13403.20,-4.09,-7.45,3.72,0.32,-0.32,1.39,1.14,-4.41,-7.77,-7.81
13537.23,-4.30,-7.81,3.69,0.20,-0.20,1.42,1.19,-4.50,-8.01,-7.99
13672.60,-4.56,-8.18,3.61,0.07,-0.07,1.45,1.25,-4.64,-8.25,-8.17
13809.33,-4.87,-8.55,3.47,-0.05,0.05,1.47,1.31,-4.82,-8.50,-8.34
13947.42,-5.17,-8.93,3.34,-0.19,0.19,1.49,1.39,-4.98,-8.74,-8.51
14086.90,-5.60,-9.32,3.09,-0.33,0.33,1.51,1.46,-5.27,-8.99,-8.69
14227.77,-6.10,-9.71,2.75,-0.47,0.47,1.53,1.55,-5.63,-9.24,-8.85
14370.04,-6.61,-10.11,2.40,-0.62,0.62,1.55,1.64,-5.99,-9.49,-9.01
14513.74,-7.13,-10.52,2.05,-0.77,0.77,1.57,1.73,-6.36,-9.75,-9.18
14658.88,-7.90,-10.93,1.44,-0.92,0.92,1.58,1.84,-6.98,-10.01,-9.34
14805.47,-8.66,-11.35,0.85,-1.08,1.08,1.59,1.94,-7.58,-10.27,-9.51
14953.52,-9.43,-11.78,0.24,-1.25,1.25,1.61,2.05,-8.18,-10.53,-9.67
15103.06,-10.27,-12.21,-0.40,-1.42,1.42,1.62,2.16,-8.85,-10.79,-9.87
15254.09,-11.15,-12.65,-1.06,-1.59,1.59,1.63,2.27,-9.56,-11.06,-10.09
15406.63,-12.03,-13.10,-1.72,-1.77,1.77,1.64,2.37,-10.26,-11.33,-10.31
15560.70,-12.90,-13.55,-2.37,-1.95,1.95,1.65,2.45,-10.95,-11.60,-10.53
15716.30,-13.76,-14.01,-3.01,-2.13,2.13,1.66,2.51,-11.63,-11.87,-10.75
15873.47,-14.62,-14.47,-3.65,-2.32,2.32,1.67,2.55,-12.30,-12.15,-10.97
16032.20,-15.50,-14.94,-4.30,-2.52,2.52,1.67,2.55,-12.98,-12.42,-11.20
16192.52,-16.48,-15.42,-4.96,-2.72,2.72,1.68,2.53,-13.76,-12.70,-11.52
16354.45,-17.45,-15.91,-5.63,-2.92,2.92,1.69,2.46,-14.53,-12.99,-11.82
16517.99,-18.44,-16.40,-6.31,-3.13,3.13,1.69,2.36,-15.31,-13.27,-12.13
16683.17,-19.55,-16.90,-7.10,-3.34,3.34,1.70,2.22,-16.21,-13.56,-12.45
16850.01,-20.67,-17.40,-7.92,-3.56,3.56,1.70,2.08,-17.12,-13.84,-12.75
17018.51,-21.78,-17.91,-8.70,-3.78,3.78,1.71,1.90,-18.01,-14.13,-13.08
17188.69,-22.82,-18.43,-9.33,-4.00,4.00,1.71,1.73,-18.82,-14.43,-13.49
17360.58,-23.87,-18.95,-9.95,-4.23,4.23,1.71,1.55,-19.64,-14.72,-13.92
17534.18,-24.81,-19.48,-10.46,-4.46,4.48,1.72,1.38,-20.33,-15.00,-14.35
17709.53,-25.32,-20.02,-10.56,-4.70,4.74,1.72,1.22,-20.58,-15.28,-14.76
17886.62,-25.83,-20.56,-10.64,-4.94,4.99,1.72,1.07,-20.84,-15.57,-15.19
18065.49,-26.00,-21.11,-10.34,-5.19,5.23,1.72,0.94,-20.77,-15.88,-15.66
18246.14,-25.58,-21.67,-9.39,-5.44,5.45,1.72,0.81,-20.13,-16.21,-16.19
18428.60,-25.16,-22.23,-8.42,-5.69,5.64,1.72,0.70,-19.52,-16.59,-16.74
18612.89,-24.71,-22.80,-7.43,-5.95,5.79,1.73,0.60,-18.92,-17.01,-17.28
18799.02,-24.25,-23.38,-6.42,-6.22,5.91,1.73,0.51,-18.34,-17.47,-17.83
18987.01,-23.79,-23.96,-5.43,-6.48,5.99,1.73,0.43,-17.80,-17.97,-18.36
19176.88,-23.58,-24.55,-4.59,-6.76,6.04,1.73,0.37,-17.54,-18.50,-18.99
19368.65,-23.39,-25.14,-3.76,-7.03,6.07,1.73,0.31,-17.33,-19.08,-19.63
19562.33,-23.19,-25.74,-2.93,-7.31,6.06,1.73,0.25,-17.13,-19.69,-20.26
19757.96,-22.98,-26.35,-2.10,-7.60,6.02,1.73,0.20,-16.96,-20.34,-20.88
19955.54,-22.76,-26.97,-1.24,-7.89,5.95,1.73,0.15,-16.81,-21.02,-21.52
